tree
version=v4
num_class=1
num_tree_per_iteration=1
label_index=0
max_feature_idx=39
objective=binary sigmoid:1
feature_names=StkIndx STInt dtdlevel dtdtrend liqnonfinlevel liqnonfintrend ni2talevel ni2tatrend sizelevel sizetrend m2b sigma liqfinlevel lqfintrend DTDmedianFin DTDmedianNonFin current_ratio quick_ratio cash_ratio net_working_capital debt_ratio debt_to_equity_ratio equity_ratio cashflow_to_debt_ratio net_profit_margin return_on_assets asset_turnover inventory_turnover days_in_inventory receivables_turnover day_sales_outstanding working_capital_turnover price_to_earnings dividend_payout_ratio retention_ratio gross_margin_ratio operating_profit_margin ebitda_margin debt_service_coverage_ratio interest_coverage_ratio
feature_infos=[-0.54557880062789532:0.71338048836813317] [-0.0116324345026203:0.013861132123799099] [-1.1135112665324569:85.690133139084296] [-35.341088269294112:14.933724381310856] [-4.1567143227807728:4.7877272366082941] [-2.5594154648752223:2.6838857457548109] [-1.3248315543243685:0.21609353630352801] [-0.60094846036015492:0.63667326585682593] [-6.1766063188463312:6.7520735870663611] [-1.9230943207967852:2.0189341464037414] [0.1522916562452884:98.093612300203844] [0.0096765123065325007:1.1247981278169397] [-9.7930033155019167:0] [-3.4361801331471731:3.3929034768701012] [0:5.7903608714045323] [0:5.4163529850772756] [0:51848.8305292191] [0:51848.8305292191] [-6022:434.12195121951214] [-44022:111174] [0:1031.047619047619] [-12846.642857142857:8909.0909090909099] [-148580:1.7650569723277265] [-32256.999999999996:128995.51515151514] [-29011900:1913300] [-12732400:6483.2167832167843] [-0.62181204454476968:65.122877122877128] [-633.02286198137165:2000] [-5613896.538461538:814740024.44464874] [-157.59245350500714:735778.57142857136] [-27112504.166666668:973605380] [-64030.374241561665:37878.000000002154] [-66666.666666666672:41375] [-225:375] [-1149:226] [-5251700:801699.99999999988] [-21892500:1603300.0000000002] [-21855400:1582700.0000000002] [-149041.10344827591:5576.6666666666652] [-297211:125540]
tree_sizes=2210 2302 2322 2486

Tree=0
num_leaves=20
num_cat=0
split_feature=2 3 19 24 19 20 2 3 3 19 15 24 20 19 19 4 2 24 15
split_gain=25593.2 18845.9 10163.1 5736.14 4830.09 4672.94 3597.79 4147.41 3159.42 3130.33 2907.92 2458.89 2448.77 2234.89 2213.9 1588.03 1710.38 1584.54 1495.15
threshold=0.93702997269489063 -0.52061081165059653 -68.684499999999986 -1.4286771077716482 150.01750000000004 0.40986847549766353 1.9609959465714286 -0.66429688614630533 0.0085111519047891531 -25.084500000000002 1.8216150667066007 -7.8355893213964913 0.67350300875924984 -533.49999999999989 -388.9849999999999 0.1290077716705901 -0.12608019224536177 -8.3520792540502988 1.8619482888823926
decision_type=2 2 2 2 2 2 2 2 2 2 2 2 2 2 2 2 2 2 2
left_child=1 2 13 5 10 -3 7 9 14 17 -4 -6 -12 -1 -7 -16 -17 -2 -11
right_child=6 3 4 -5 11 8 -8 -9 -10 18 12 -13 -14 -15 15 16 -18 -19 -20
leaf_value=705.14547642340983 280.33953656286178 28.931300390719464 41.754049085753778 1.6017405665132092 596.82781522158871 441.18556671006172 -12.613559824769442 -1.38359864149349 55.561351595202765 -2.7498741582431476 131.88341581497781 224.45882222821987 303.97680093188501 381.56676267582259 101.31504913325173 364.24546632924489 163.18867125737589 74.382971105076066 61.985328712594807
leaf_weight=2.8415333479642859 8.4271760433912259 171.60425821691751 28.415333479642868 300.90214421600103 3.2474666833877563 2.5817360132932654 6881.5118007659912 1055.0369760990143 60.881881646811962 56.043156288564205 38.482480198144913 3.9213160201907149 10.529910720884798 8.6950920447707158 38.799108199775219 5.1634720265865353 23.46294678747654 6.7141373679041854 98.065375171601772
leaf_count=350 1038 21137 3500 37063 400 318 847616 129952 7499 6903 4740 483 1297 1071 4779 636 2890 827 12079
internal_value=-4.79715 53.2217 183.223 32.5084 145.243 63.2513 -9.8042 5.98659 108.243 51.9271 122.237 393.448 168.886 461.536 154.048 143.021 199.514 189.076 38.4456
internal_weight=0 699.529 96.1331 603.396 84.5965 302.493 8105.8 1224.29 130.889 169.25 77.4277 7.16878 49.0124 11.5366 70.0073 67.4255 28.6264 15.1413 154.109
internal_count=1084578 86163 11841 74322 10420 37259 998415 150799 16122 20847 9537 883 6037 1421 8623 8305 3526 1865 18982
is_linear=0
shrinkage=1


Tree=1
num_leaves=20
num_cat=0
split_feature=2 9 22 3 2 4 10 12 3 20 26 3 12 11 2 39 26 6 2
split_gain=869598 2.2528e+06 1.40309e+06 799126 3.89525e+06 9.38797e+06 9.28046e+06 2.11356e+06 2.23308e+06 1.73123e+06 5.68534e+06 3.1881e+06 1.01e+06 1.93512e+06 4.52087e+06 945592 786643 778007 616406
threshold=1.9609959465714286 -0.59855369431310923 0.45600218988762503 -0.66429688614630533 0.9775908997982955 -0.097160681702665244 0.29353677614231027 -0.23521316461271588 -0.70393674137638151 0.42540279762736982 0.19239730041027822 -1.0426231516953022 -1.0000000180025095e-35 0.15775244288070769 1.7068046804267303 2.7230741283950444 0.094417542413003444 0.00045709271463435005 0.93702997269489063
decision_type=2 2 2 2 2 2 2 2 2 2 2 2 2 2 2 2 2 2 2
left_child=3 2 -2 4 5 6 -1 -7 9 16 11 -11 -6 14 -14 -16 17 -9 -5
right_child=1 -3 -4 18 12 7 -8 8 -10 10 -12 -13 13 -15 15 -17 -18 -19 -20
leaf_value=-3112.5458594150127 116055.2884956565 3912.1102538504892 26111.589512745053 -133.74324362482287 -14.054382983551452 -2737.5550315305918 -181104.42877856776 -57539.815842958073 -73394.005593557784 -5557.7813034563742 -118995.23180035099 -83200.720910272823 -100362.47270688761 -1051.3941250291011 -46915.874254578368 -5232.7411545887526 -6084.6618502640003 -5564.2246875024657 -11.819864678002777
leaf_weight=0.056482497602700181 0.022447747162018472 2.7379864514932564 0.059226391607808182 5174.079622527428 271.96322595700622 6.2130747362971297 0.056482497602701194 0.056482497602700632 0.056482497606339499 0.39537748321890775 0.056482497602701187 0.056482497602701631 0.056482497602700188 108.50287789478898 0.056482497602701187 0.50834247842431068 1.8074399232864378 0.056482497602701187 20825.953486919403
leaf_count=20 6748 823064 17804 78829 4948 1910 1485 405 531 368 1025 719 646 14196 310 282 1301 35 129952
internal_value=0 5504.83 55788 -42.82 -492.065 -7061.88 -95777 -5858.79 -13642 -12113.7 -28441.8 -16017.6 -340.076 -1152.56 -18679.8 -9752.93 -7732.81 -32809.6 -36.083
internal_weight=0 2.81966 0.0816741 26389.9 389.899 8.81127 0.112965 8.6983 2.48523 2.42875 0.508342 0.45186 381.087 109.124 0.621307 0.564825 1.9204 0.112965 26000
internal_count=1084578 847616 24552 236962 28181 7799 1505 6294 4384 3853 2112 1087 20382 15434 1238 592 1741 440 208781
is_linear=0
shrinkage=9.99737


Tree=2
num_leaves=20
num_cat=0
split_feature=2 2 11 2 3 25 3 20 32 20 8 3 15 17 32 8 11 3 20
split_gain=3.99586e+13 2.4693e+13 2.45076e+12 2.36497e+07 1.37391e+08 4.10194e+06 2.98947e+06 847363 652992 309458 292362 235396 263509 223693 196702 160606 133162 117831 1.07412e+06
threshold=1.9126742763326012 1.9372714397720345 0.21195649324357532 0.93702997269489063 -0.65030191333471099 -0.52947696839404823 -0.17862258997192224 0.12431044604343429 -9.6650165016501628 0.36792630767405926 -3.3134826166866218 0.049348323276087409 2.1814122357132892 0.7731229014181733 20.613760909275424 -2.9249564112971012 0.14511772544645693 -0.65030191333471099 0.66065555629163486
decision_type=2 2 2 2 2 2 2 2 2 2 2 2 2 2 2 2 2 2 2
left_child=3 -2 -3 17 -5 6 7 -6 13 -7 -9 12 -11 -8 15 -10 -12 18 -1
right_child=1 2 -4 4 5 9 8 10 14 11 16 -13 -14 -15 -16 -17 -18 -19 -20
leaf_value=484.70407779962153 32948.875492032341 -884706620.65531945 -141564910.23561388 1572813.203036329 77569.768368530029 9554.4129163175076 67701.152171681853 19217.668320558638 19731.597241661126 6658.3022609495365 17439.97179224034 15944.458420715395 92926.840209353453 16827.149222374632 1475.6798631776378 121284.1968193897 242696.72615528447 -84.803384286117179 21888.649163796021
leaf_weight=15.970474250614643 0.0068388583875521602 0.0036962284590131844 0.0026899962327675553 0.0014942953524712246 0.013355669434986339 0.090422787636940172 0.0094883898429998226 0.0015491248723265008 0.0039189170877307325 0.0057926205047351418 0.0010382825037140711 0.020999863001406993 0.0091914742424705764 0.035091366750748421 0.0019640690345568137 0.016415191057844392 0.015952297792409809 216.59227122417525 0.23314560949802476
leaf_count=5677 4406 744997 106711 20199 7242 49031 5145 840 2125 3141 563 11387 4984 19028 1065 8901 8650 78477 2009
internal_value=0 -4.72249e+08 -7.64026e+08 77.1258 101105 59487.3 106285 181189 61038.3 20427.6 225127 43498.8 69113.3 33066.1 101507 109078 235683 -23.2767 798.921
internal_weight=0 0.0132251 0.00638622 233.023 0.226674 0.22518 0.0987733 0.0318954 0.0668779 0.126407 0.0185397 0.035984 0.0149841 0.0445798 0.0222982 0.0203341 0.0169906 232.796 16.2036
internal_count=1084578 856114 851708 228464 142301 122102 53559 17295 36264 68543 10053 19512 8125 24173 12091 11026 9213 86163 7686
is_linear=0
shrinkage=9.99737


Tree=3
num_leaves=20
num_cat=0
split_feature=3 8 9 18 25 28 34 31 22 22 3 27 20 8 18 6 9 27 22
split_gain=1.95674e+11 3.04834e+11 5.81346e+10 2.90581e+10 9.56316e+09 3.83207e+09 5.19885e+09 3.74915e+09 2.2161e+09 1.37706e+09 1.26503e+09 1.28895e+09 1.55661e+09 5.18611e+08 8.2807e+07 3.74384e+07 3.70752e+07 3.03256e+07 6.65059e+07
threshold=-0.53220124810294955 -0.85045391564378825 -0.19933736911328612 0.096684793216396406 -2.8921978906238754 37507.595750279761 1.0660478588499773 0.027938338353472082 0.07404652109338361 -0.74430125199912556 -0.63711445256768717 0.0023489333032301438 0.79774038542725123 0.34447151129250897 0.10082740414599418 0.00031628527490775007 -0.40207549494572153 0.014043265238310086 0.20948483614580182
decision_type=2 2 2 2 2 2 2 2 2 2 2 2 2 2 2 2 2 2 2
left_child=4 -2 5 -4 -1 6 -3 9 14 -6 11 15 -13 16 -5 -9 -7 -12 -19
right_child=1 2 3 8 7 13 -8 10 -10 -11 17 12 -14 -15 -16 -17 -18 18 -20
leaf_value=-11913115.627514841 -81014489.837382674 -13333638.188753393 -42279496.294907317 -20305.558519541308 -116543.25112253494 -118959.90822714477 -217457.20970038534 -331976.61700632796 -11743683.070115203 -8678986.9718705751 -36743.774273295065 -7582419.4604069507 -266116.93795148219 -3463175.1248801588 -2105003.7447646712 -1274106.4832768529 -887769.79277086293 -138525.89239853437 -1183290.6325106476
leaf_weight=0.0026916537899523965 0.0026916537899523965 0.0026916537899523973 0.0026916537899523982 0.0026916537899523973 0.0026916537899523973 0.021533230319619179 0.0053833075799047947 0.024224884109571576 0.0026916537899523973 0.0026916537899523965 0.31492349342443049 0.0026916537899523973 0.0053833075799047947 0.0026916537899523965 0.0026916537899523973 0.0026916537899523965 0.0053833075799047938 0.045758114429190755 0.0026916537899523965
leaf_count=57604 242530 52758 344380 92 254 1325 1594 7953 117737 61173 11929 98066 1217 18846 6407 46670 4223 1724 8096
internal_value=0 -2.05963e+07 -1.03938e+07 -2.68036e+07 -627057 -3.26038e+06 -7.87944e+06 -416057 -8.01735e+06 -6.44392e+06 -260659 -1.95584e+06 -4.5932e+06 -1.09645e+06 -1.55709e+06 -601084 -381525 -74605.1 -295767
internal_weight=0 0.0511414 0.0484498 0.0107666 0.40644 0.0376832 0.00807496 0.403748 0.00807496 0.00538331 0.398365 0.0349915 0.00807496 0.0296082 0.00538331 0.0269165 0.0269165 0.363373 0.0484498
internal_count=1084578 789892 547362 468616 294686 78746 54352 237082 124236 61427 175655 153906 99283 24394 6499 54623 5548 21749 9820
is_linear=0
shrinkage=9.99737


end of trees

feature_importances:
dtdtrend=12
dtdlevel=10
debt_ratio=7
net_working_capital=5
sizelevel=4
equity_ratio=4
sizetrend=3
sigma=3
DTDmedianNonFin=3
net_profit_margin=3
liqnonfinlevel=2
ni2talevel=2
liqfinlevel=2
cash_ratio=2
return_on_assets=2
asset_turnover=2
inventory_turnover=2
price_to_earnings=2
m2b=1
quick_ratio=1
days_in_inventory=1
working_capital_turnover=1
retention_ratio=1
interest_coverage_ratio=1

parameters:
[boosting: gbdt]
[objective: binary]
[metric: recall]
[tree_learner: serial]
[device_type: cpu]
[data: ]
[valid: ]
[num_iterations: 239]
[learning_rate: 9.99737]
[num_leaves: 20]
[num_threads: 0]
[deterministic: 0]
[force_col_wise: 0]
[force_row_wise: 0]
[histogram_pool_size: -1]
[max_depth: 145]
[min_data_in_leaf: 47]
[min_sum_hessian_in_leaf: 0.001]
[bagging_fraction: 1]
[pos_bagging_fraction: 1]
[neg_bagging_fraction: 1]
[bagging_freq: 0]
[bagging_seed: 3]
[feature_fraction: 0.542595]
[feature_fraction_bynode: 1]
[feature_fraction_seed: 2]
[extra_trees: 0]
[extra_seed: 6]
[early_stopping_round: 0]
[first_metric_only: 0]
[max_delta_step: 0]
[lambda_l1: 0.0167397]
[lambda_l2: 0.00468397]
[linear_lambda: 0]
[min_gain_to_split: 0]
[drop_rate: 0.1]
[max_drop: 50]
[skip_drop: 0.5]
[xgboost_dart_mode: 0]
[uniform_drop: 0]
[drop_seed: 4]
[top_rate: 0.2]
[other_rate: 0.1]
[min_data_per_group: 100]
[max_cat_threshold: 32]
[cat_l2: 10]
[cat_smooth: 10]
[max_cat_to_onehot: 4]
[top_k: 20]
[monotone_constraints: ]
[monotone_constraints_method: basic]
[monotone_penalty: 0]
[feature_contri: ]
[forcedsplits_filename: ]
[refit_decay_rate: 0.9]
[cegb_tradeoff: 1]
[cegb_penalty_split: 0]
[cegb_penalty_feature_lazy: ]
[cegb_penalty_feature_coupled: ]
[path_smooth: 0]
[interaction_constraints: ]
[verbosity: 1]
[saved_feature_importance_type: 0]
[linear_tree: 0]
[max_bin: 255]
[max_bin_by_feature: ]
[min_data_in_bin: 3]
[bin_construct_sample_cnt: 200000]
[data_random_seed: 1]
[is_enable_sparse: 1]
[enable_bundle: 1]
[use_missing: 1]
[zero_as_missing: 0]
[feature_pre_filter: 1]
[pre_partition: 0]
[two_round: 0]
[header: 0]
[label_column: ]
[weight_column: ]
[group_column: ]
[ignore_column: ]
[categorical_feature: ]
[forcedbins_filename: ]
[precise_float_parser: 0]
[parser_config_file: ]
[objective_seed: 5]
[num_class: 1]
[is_unbalance: 0]
[scale_pos_weight: 1]
[sigmoid: 1]
[boost_from_average: 1]
[reg_sqrt: 0]
[alpha: 0.9]
[fair_c: 1]
[poisson_max_delta_step: 0.7]
[tweedie_variance_power: 1.5]
[lambdarank_truncation_level: 30]
[lambdarank_norm: 1]
[label_gain: ]
[lambdarank_position_bias_regularization: 0]
[eval_at: ]
[multi_error_top_k: 1]
[auc_mu_weights: ]
[num_machines: 1]
[local_listen_port: 12400]
[time_out: 120]
[machine_list_filename: ]
[machines: ]
[gpu_platform_id: -1]
[gpu_device_id: -1]
[gpu_use_dp: 0]
[num_gpu: 1]

end of parameters

pandas_categorical:[]
